4000.00000000001  0.1139491
4001.80288457871  0.06774641
4003.60576915742  -0.003382732
4005.40865373612  0.08101537
4007.21153831482  0.105268
4009.01442289353  0.04501839
4010.81730747223  0.1840284
4012.62019205094  0.2188842
4014.42307662964  0.2614461
4016.22596120835  0.3123445
4018.02884578705  0.3536174
4019.83173036576  0.2388787
4021.63461494446  0.2152718
4023.43749952317  0.3587617
4025.24038410187  0.3149125
4027.04326868058  0.111567
4028.84615325928  0.02270937
4030.64903783799  0.0339878
4032.45192241669  0.08790635
4034.2548069954  0.1621178
4036.0576915741  0.1737583
4037.86057615281  0.04017895
4039.66346073151  -0.1078724
4041.46634531022  -0.1618111
4043.26922988892  -0.1848849
4045.07211446763  -0.1641617
4046.87499904633  -0.003167123
4048.67788362504  0.09246208
4050.48076820374  0.1202778
4052.28365278245  0.2193706
4054.08653736115  0.1842464
4055.88942193985  0.08504155
4057.69230651856  0.05018929
4059.49519109726  0.007987962
4061.29807567597  0.03729374
4063.10096025467  0.1598411
4064.90384483338  0.3790231
4066.70672941208  0.5428799
4068.50961399079  0.5831252
4070.31249856949  0.5539353
4072.1153831482  0.5421054
4073.9182677269  0.4201947
4075.72115230561  0.3363043
4077.52403688431  0.4413387
4079.32692146302  0.5623757
4081.12980604172  0.5573684
4082.93269062043  0.5530195
4084.73557519913  0.5252317
4086.53845977784  0.4543864
4088.34134435654  0.5662571
4090.14422893525  0.6956916
4091.94711351395  0.715098
4093.74999809266  0.6426903
4095.55288267136  0.6351821
4097.35576725007  0.8073735
4099.15865182877  0.9736105
4100.96153640748  0.8986489
4102.76442098618  0.8077526
4104.56730556488  0.8481256
4106.37019014359  0.918892
4108.1730747223  0.8743262
4109.975959301  0.7695937
4111.7788438797  0.8509259
4113.58172845841  0.9018977
4115.38461303711  0.8872905
4117.18749761582  0.7872375
4118.99038219452  0.8267317
4120.79326677323  1.029
4122.59615135193  1.338273
4124.39903593064  1.341509
4126.20192050934  1.08167
4128.00480508805  1.021861
4129.80768966675  0.9472826
4131.61057424546  0.7999485
4133.41345882416  0.6898177
4135.21634340287  0.4990356
4137.01922798157  0.4314973
4138.82211256028  0.440242
4140.62499713898  0.3894992
4142.42788171769  0.3370925
4144.23076629639  0.2284311
4146.03365087509  0.07453523
4147.8365354538  0.07676525
4149.63942003251  0.1310684
4151.44230461121  0.155009
4153.24518918992  0.2097428
4155.04807376862  0.1972352
4156.85095834733  0.08432154
4158.65384292603  0.05030203
4160.45672750474  0.06542311
4162.25961208344  0.1443045
4164.06249666215  0.2889994
4165.86538124085  0.3125634
4167.66826581955  0.2759554
4169.47115039826  0.4861202
4171.27403497696  0.8187741
4173.07691955567  1.148781
4174.87980413437  1.423198
4176.68268871308  1.502538
4178.48557329178  1.50876
4180.28845787049  1.444539
4182.09134244919  1.237109
4183.8942270279  1.021051
4185.6971116066  0.9446881
4187.49999618531  0.8046861
4189.30288076401  0.6663671
4191.10576534272  0.5889497
4192.90864992142  0.3602279
4194.71153450013  0.2087605
4196.51441907883  0.1626018
4198.31730365754  0.127218
4200.12018823624  0.1603462
4201.92307281495  0.1531976
4203.72595739365  0.1958636
4205.52884197236  0.2402206
4207.33172655106  0.1410073
4209.13461112976  0.01151178
4210.93749570847  -0.007314942
4212.74038028717  -5.091850E-4
4214.54326486588  0.02100543
4216.34614944458  0.01571002
4218.14903402329  0.05237649
4219.95191860199  0.04570219
4221.7548031807  -0.01836042
4223.5576877594  0.06770808
4225.36057233811  0.3088546
4227.16345691681  0.5206419
4228.96634149552  0.6862162
4230.76922607422  0.9209418
4232.57211065293  1.181726
4234.37499523163  1.34142
4236.17787981034  1.253668
4237.98076438904  1.047968
4239.78364896775  1.056195
4241.58653354645  1.180262
4243.38941812516  1.249269
4245.19230270386  1.18971
4246.99518728257  1.07742
4248.79807186127  0.9287892
4250.60095643998  0.765715
4252.40384101868  0.6368599
4254.20672559739  0.571304
4256.00961017609  0.6788549
4257.8124947548  0.6680962
4259.6153793335  0.5553728
4261.41826391221  0.4913832
4263.22114849091  0.4555255
4265.02403306962  0.4474713
4266.82691764832  0.4596599
4268.62980222703  0.5204233
4270.43268680573  0.6336056
4272.23557138443  0.7836271
4274.03845596314  0.8653206
4275.84134054184  0.8929936
4277.64422512055  0.9176092
4279.44710969925  0.9602234
4281.24999427796  0.9582446
4283.05287885666  1.017793
4284.85576343537  1.15306
4286.65864801407  1.238376
4288.46153259278  1.369831
4290.26441717148  1.457072
4292.06730175019  1.431566
4293.87018632889  1.367192
4295.6730709076  1.429408
4297.4759554863  1.535168
4299.27884006501  1.517957
4301.08172464371  1.575355
4302.88460922242  1.72559
4304.68749380112  1.765087
4306.49037837983  1.618794
4308.29326295853  1.426604
4310.09614753724  1.311228
4311.89903211594  1.292337
4313.70191669465  1.33124
4315.50480127335  1.323635
4317.30768585206  1.29111
4319.11057043076  1.297505
4320.91345500946  1.366886
4322.71633958817  1.323647
4324.51922416688  1.143218
4326.32210874558  1.120463
4328.12499332429  1.16444
4329.92787790299  1.090343
4331.73076248169  1.063881
4333.5336470604  1.095903
4335.3365316391  1.081682
4337.13941621781  1.017356
4338.94230079651  0.9652582
4340.74518537522  1.014796
4342.54806995392  1.018924
4344.35095453263  0.9423795
4346.15383911133  0.906756
4347.95672369004  0.8808883
4349.75960826874  0.7943797
4351.56249284745  0.7832339
4353.36537742615  0.761331
4355.16826200486  0.7432013
4356.97114658356  0.7543768
4358.77403116227  0.7412681
4360.57691574097  0.7184613
4362.37980031968  0.7458315
4364.18268489838  0.7081654
4365.98556947709  0.6863877
4367.78845405579  0.718206
4369.5913386345  0.7321861
4371.3942232132  0.7418833
4373.1971077919  0.7390648
4374.99999237061  0.7521829
4376.80287694931  0.7657123
4378.60576152802  0.7823877
4380.40864610672  0.925374
4382.21153068543  1.2038
4384.01441526414  1.469688
4385.81729984284  1.574366
4387.62018442154  1.521342
4389.42306900025  1.411507
4391.22595357895  1.315539
4393.02883815766  1.274355
4394.83172273636  1.173998
4396.63460731507  1.096119
4398.43749189377  1.075699
4400.24037647248  1.026541
4402.04326105118  0.8827072
4403.84614562989  0.7738664
4405.64903020859  0.824044
4407.4519147873  0.9429384
4409.254799366  1.083791
4411.05768394471  1.283695
4412.86056852341  1.496482
4414.66345310212  1.741862
4416.46633768082  1.974266
4418.26922225953  1.895299
4420.07210683823  1.510939
4421.87499141694  1.169028
4423.67787599564  1.162718
4425.48076057435  1.043992
4427.28364515305  0.651099
4429.08652973175  0.4438601
4430.88941431046  0.3752894
4432.69229888916  0.3009838
4434.49518346787  0.2997249
4436.29806804657  0.3839397
4438.10095262528  0.4166566
4439.90383720398  0.5149283
4441.70672178269  0.5709352
4443.50960636139  0.612235
4445.3124909401  0.8192781
4447.1153755188  0.9516149
4448.91826009751  0.980863
4450.72114467621  1.046726
4452.52402925492  1.055921
4454.32691383362  0.9708762
4456.12979841233  0.9327459
4457.93268299103  0.962158
4459.73556756974  1.012414
4461.53845214844  1.146564
4463.34133672715  1.213273
4465.14422130585  1.214135
4466.94710588456  1.286183
4468.74999046326  1.359604
4470.55287504197  1.380209
4472.35575962067  1.402133
4474.15864419938  1.383454
4475.96152877808  1.284243
4477.76441335679  1.22302
4479.56729793549  1.181111
4481.3701825142  1.185513
4483.1730670929  1.191043
4484.9759516716  1.296662
4486.77883625031  1.547422
4488.58172082901  1.789874
4490.38460540772  2.007231
4492.18748998642  2.053757
4493.99037456513  1.89616
4495.79325914383  1.667397
4497.59614372254  1.400696
4499.39902830124  1.291703
4501.20191287995  1.347415
4503.00479745865  1.519821
4504.80768203736  1.651618
4506.61056661606  1.878756
4508.41345119477  2.167336
4510.21633577347  2.336464
4512.01922035218  2.505443
4513.82210493088  2.649042
4515.62498950959  2.765044
4517.42787408829  2.903541
4519.230758667  2.985413
4521.0336432457  3.014748
4522.83652782441  2.937309
4524.63941240311  2.621664
4526.44229698182  2.226595
4528.24518156052  1.960725
4530.04806613923  1.820987
4531.85095071793  1.71151
4533.65383529664  1.764614
4535.45671987534  1.848383
4537.25960445405  1.886724
4539.06248903275  1.942811
4540.86537361145  2.028131
4542.66825819016  2.172465
4544.47114276887  2.266989
4546.27402734757  2.351994
4548.07691192628  2.538877
4549.87979650498  2.746596
4551.68268108368  2.82217
4553.48556566239  2.807459
4555.28845024109  2.843117
4557.0913348198  2.725785
4558.8942193985  2.492794
4560.69710397721  2.348873
4562.49998855591  2.296944
4564.30287313462  2.191864
4566.10575771332  2.06812
4567.90864229203  1.950585
4569.71152687073  1.968082
4571.51441144944  2.091236
4573.31729602814  2.212656
4575.12018060685  2.448301
4576.92306518555  2.775655
4578.72594976426  2.970001
4580.52883434296  3.075364
4582.33171892167  3.181164
4584.13460350037  3.230255
4585.93748807908  3.056494
4587.74037265778  2.878462
4589.54325723649  2.635496
4591.34614181519  2.280442
4593.1490263939  1.983428
4594.9519109726  1.815995
4596.7547955513  1.615306
4598.55768013001  1.41267
4600.36056470871  1.323332
4602.16344928742  1.219978
4603.96633386612  1.150486
4605.76921844483  1.192634
4607.57210302353  1.226432
4609.37498760224  1.22399
4611.17787218094  1.248689
4612.98075675965  1.346841
4614.78364133835  1.507719
4616.58652591706  1.758465
4618.38941049576  2.032673
4620.19229507447  2.27537
4621.99517965317  2.411423
4623.79806423188  2.503261
4625.60094881058  2.59163
4627.40383338929  2.724891
4629.20671796799  2.841252
4631.0096025467  2.79961
4632.8124871254  2.715937
4634.61537170411  2.526077
4636.41825628281  2.135076
4638.22114086152  1.757604
4640.02402544022  1.512056
4641.82691001893  1.282782
4643.62979459763  1.172237
4645.43267917633  1.138627
4647.23556375504  1.138463
4649.03844833375  1.205668
4650.84133291245  1.260854
4652.64421749115  1.345237
4654.44710206986  1.474431
4656.24998664856  1.604025
4658.05287122727  1.630952
4659.85575580597  1.627132
4661.65864038468  1.638937
4663.46152496338  1.682947
4665.26440954209  1.65183
4667.06729412079  1.548438
4668.8701786995  1.508767
4670.6730632782  1.375964
4672.47594785691  1.141077
4674.27883243561  0.9255965
4676.08171701432  0.758765
4677.88460159302  0.5930272
4679.68748617173  0.4653295
4681.49037075043  0.385975
4683.29325532914  0.2814864
4685.09613990784  0.2551718
4686.89902448655  0.2371633
4688.70190906525  0.2028551
4690.50479364396  0.1328918
4692.30767822266  0.0838344
4694.11056280137  0.1653672
4695.91344738007  0.2388829
4697.71633195878  0.1680007
4699.51921653748  0.1522037
4701.32210111619  0.2037795
4703.12498569489  0.2186955
4704.9278702736  0.186786
4706.7307548523  0.20255
4708.533639431  0.2148133
4710.33652400971  0.2299566
4712.13940858841  0.2626369
4713.94229316712  0.2448851
4715.74517774582  0.2182709
4717.54806232453  0.2028819
4719.35094690323  0.2375415
4721.15383148194  0.2325259
4722.95671606064  0.2186901
4724.75960063935  0.4153733
4726.56248521805  0.6534198
4728.36536979676  0.856234
4730.16825437546  1.014115
4731.97113895417  1.072837
4733.77402353287  0.9332751
4735.57690811158  0.662204
4737.37979269028  0.4097551
4739.18267726899  0.2490039
4740.98556184769  0.1519112
4742.7884464264  0.06683519
4744.5913310051  0.05382966
4746.39421558381  0.009763164
4748.19710016251  0.01228126
4749.99998474122  0.0223554
4751.80286931992  0.01794072
4753.60575389863  0.03503301
4755.40863847733  0.05213998
4757.21152305603  0.08611292
4759.01440763474  0.1202662
4760.81729221344  0.1347953
4762.62017679215  0.2385111
4764.42306137085  0.324386
4766.22594594956  0.2736933
4768.02883052826  0.1943025
4769.83171510697  0.1605421
4771.63459968567  0.207569
4773.43748426438  0.2467922
4775.24036884308  0.2214191
4777.04325342179  0.2317005
4778.84613800049  0.2669027
4780.6490225792  0.2703812
4782.4519071579  0.2412179
4784.25479173661  0.2281135
4786.05767631531  0.1979563
4787.86056089402  0.1859707
4789.66344547272  0.1805108
4791.46633005143  0.1467538
4793.26921463013  0.1241074
4795.07209920884  0.106519
4796.87498378754  0.1345642
4798.67786836625  0.1400454
4800.48075294495  0.1494948
4802.28363752366  0.1480312
4804.08652210236  0.1485363
4805.88940668107  0.1459826
4807.69229125977  0.1439527
4809.49517583847  0.1582499
4811.29806041718  0.1751929
4813.10094499588  0.1953996
4814.90382957459  0.2196152
4816.70671415329  0.2485144
4818.509598732  0.2823829
4820.3124833107  0.3207908
4822.11536788941  0.3624233
4823.91825246811  0.4051622
4825.72113704682  0.446404
4827.52402162552  0.4834735
4829.32690620423  0.5139989
4831.12979078293  0.536234
4832.93267536164  0.5493646
4834.73555994034  0.553756
4836.53844451905  0.5510107
4838.34132909775  0.543719
4840.14421367646  0.5349379
4841.94709825516  0.5275908
4843.74998283387  0.5239872
4845.55286741257  0.5255193
4847.35575199128  0.5324655
4849.15863656998  0.5438714
4850.96152114869  0.5576377
4852.76440572739  0.5710551
4854.5672903061  0.5818705
4856.3701748848  0.5895494
4858.17305946351  0.596002
4859.97594404221  0.60509
4861.77882862092  0.6208084
4863.58171319962  0.6448461
4865.38459777832  0.6747653
4867.18748235703  0.7039002
4868.99036693574  0.7233334
4870.79325151444  0.7252364
4872.59613609314  0.7060887
4874.39902067185  0.668262
4876.20190525055  0.619306
4878.00478982926  0.5694518
4879.80767440796  0.5285922
4881.61055898667  0.503944
4883.41344356537  0.4988909
4885.21632814408  0.5127898
4887.01921272278  0.5413388
4888.82209730149  0.5773665
4890.62498188019  0.6121879
4892.4278664589  0.5739049
4894.2307510376  0.5992224
4896.03363561631  0.6245652
4897.83652019501  0.6480378
4899.63940477372  0.7234977
4901.44228935242  0.7840518
4903.24517393113  0.8725964
4905.04805850983  0.9461742
4906.85094308854  1.121409
4908.65382766724  1.195452
4910.45671224595  1.252684
4912.25959682465  1.302187
4914.06248140336  1.445105
4915.86536598206  1.635519
4917.66825056077  1.931076
4919.47113513947  2.294124
4921.27401971817  2.626012
4923.07690429688  2.842038
4924.87978887558  2.84045
4926.68267345429  2.688112
4928.48555803299  2.415874
4930.2884426117  2.07424
4932.0913271904  1.716787
4933.89421176911  1.385982
4935.69709634781  1.106458
4937.49998092652  0.8859466
4939.30286550522  0.7205823
4941.10575008393  0.600934
4942.90863466263  0.5164003
4944.71151924134  0.4574882
4946.51440382004  0.4165137
4948.31728839875  0.3875067
4950.12017297745  0.3659333
4951.92305755616  0.3485221
4953.72594213486  0.3332118
4955.52882671357  0.3191045
4957.33171129227  0.3062975
4959.13459587098  0.2955707
4960.93748044968  0.287997
4962.74036502839  0.2846019
4964.54324960709  0.2861702
4966.3461341858  0.2932199
4968.1490187645  0.3061096
4969.95190334321  0.3252354
4971.75478792191  0.3512996
4973.55767250062  0.3856612
4975.36055707932  0.4307226
4977.16344165802  0.4902051
4978.96632623673  0.5690276
4980.76921081543  1.020929
4982.57209539414  1.065418
4984.37497997284  1.111607
4986.17786455155  1.163277
4987.98074913025  1.180114
4989.78363370896  1.204497
4991.58651828766  1.257403
4993.38940286637  1.335116
4995.19228744507  1.51079
4996.99517202378  1.713053
4998.79805660248  1.819886
5000.60094118119  1.844949
5002.40382575989  1.934848
5004.2067103386  2.041346
5006.0095949173  2.04246
5007.81247949601  2.070911
5009.61536407471  2.138261
5011.41824865342  2.196914
5013.22113323212  2.303099
5015.02401781083  2.478557
5016.82690238953  2.620459
5018.62978696824  2.68174
5020.43267154694  2.565796
5022.23555612565  2.279292
5024.03844070435  1.910947
5025.84132528306  1.603524
5027.64420986176  1.442529
5029.44709444046  1.354319
5031.24997901917  1.271433
5033.05286359787  1.170381
5034.85574817658  1.077472
5036.65863275529  1.020981
5038.46151733399  0.9815345
5040.26440191269  0.9136614
5042.0672864914  0.9015144
5043.8701710701  0.8851048
5045.67305564881  0.7656903
5047.47594022751  0.6936714
5049.27882480622  0.7313934
5051.08170938492  0.7578447
5052.88459396363  0.716409
5054.68747854233  0.6623055
5056.49036312104  0.603074
5058.29324769974  0.5456176
5060.09613227845  0.5075969
5061.89901685715  0.4992134
5063.70190143586  0.4889883
5065.50478601456  0.4856858
5067.30767059327  0.4669726
5069.11055517197  0.4669885
5070.91343975068  0.4829833
5072.71632432938  0.4879792
5074.51920890809  0.4935575
5076.32209348679  0.4587308
5078.1249780655  0.3836794
5079.9278626442  0.3584141
5081.7307472229  0.3757677
5083.53363180161  0.3327915
5085.33651638031  0.3200744
5087.13940095902  0.3214036
5088.94228553772  0.298865
5090.74517011643  0.3144717
5092.54805469513  0.3719876
5094.35093927384  0.4253482
5096.15382385254  0.4676939
5097.95670843125  0.4988118
5099.75959300995  0.5456074
5101.56247758866  0.5645167
5103.36536216736  0.5881485
5105.16824674607  0.5955117
5106.97113132477  0.5649504
5108.77401590348  0.6325552
5110.57690048218  0.6924646
5112.37978506089  0.6668725
5114.18266963959  0.6155818
5115.9855542183  0.6294263
5117.788438797  0.6568692
5119.59132337571  0.7161954
5121.39420795441  0.808475
5123.19709253312  0.8918228
5124.99997711182  0.9425011
5126.80286169053  1.010883
5128.60574626923  1.12067
5130.40863084794  1.152529
5132.21151542664  1.136667
5134.01440000535  1.149289
5135.81728458405  1.118905
5137.62016916275  1.058538
5139.42305374146  1.054909
5141.22593832016  1.025961
5143.02882289887  0.9861445
5144.83170747757  0.9951385
5146.63459205628  1.075787
5148.43747663498  1.219789
5150.24036121369  1.348785
5152.04324579239  1.469327
5153.8461303711  1.600835
5155.6490149498  1.757561
5157.45189952851  1.868198
5159.25478410721  2.001904
5161.05766868592  2.143052
5162.86055326462  2.286433
5164.66343784333  2.402377
5166.46632242203  2.477289
5168.26920700074  2.525277
5170.07209157944  2.470571
5171.87497615815  2.250791
5173.67786073685  1.90758
5175.48074531556  1.605049
5177.28362989426  1.422919
5179.08651447297  1.339389
5180.88939905167  1.311616
5182.69228363037  1.386183
5184.49516820908  1.464309
5186.29805278778  1.553788
5188.10093736649  1.606883
5189.9038219452  1.623736
5191.7067065239  1.670835
5193.5095911026  1.759317
5195.31247568131  1.936697
5197.11536026001  2.13948
5198.91824483872  2.164417
5200.72112941742  1.981072
5202.52401399613  1.655339
5204.32689857483  1.280195
5206.12978315354  1.071252
5207.93266773224  0.9369621
5209.73555231095  0.7800832
5211.53843688965  0.7703335
5213.34132146836  0.8850577
5215.14420604706  0.9278713
5216.94709062577  0.9518594
5218.74997520447  0.9965503
5220.55285978318  1.071929
5222.35574436188  1.174436
5224.15862894059  1.259599
5225.96151351929  1.391938
5227.764398098  1.560413
5229.5672826767  1.703664
5231.37016725541  1.877953
5233.17305183411  2.093497
5234.97593641281  2.262146
5236.77882099152  2.222586
5238.58170557022  1.993001
5240.38459014893  1.743346
5242.18747472763  1.508021
5243.99035930634  1.346231
5245.79324388504  1.309867
5247.59612846375  1.337676
5249.39901304245  1.33918
5251.20189762116  1.381983
5253.00478219986  1.51918
5254.80766677857  1.65337
5256.61055135727  1.805663
5258.41343593598  2.031702
5260.21632051468  2.259057
5262.01920509339  2.420767
5263.82208967209  2.480455
5265.6249742508  2.472861
5267.4278588295  2.419235
5269.23074340821  2.29073
5271.03362798691  2.251747
5272.83651256562  2.324305
5274.63939714432  2.320665
5276.44228172303  2.179659
5278.24516630173  1.998213
5280.04805088044  1.829734
5281.85093545914  1.800846
5283.65382003785  1.903281
5285.45670461655  1.893911
5287.25958919526  1.714827
5289.06247377396  1.510582
5290.86535835267  1.335674
5292.66824293137  1.211189
5294.47112751007  1.09832
5296.27401208878  1.070286
5298.07689666748  1.133147
5299.87978124619  1.159826
5301.68266582489  1.153612
5303.4855504036  1.212898
5305.2884349823  1.399165
5307.09131956101  1.641043
5308.89420413971  1.874974
5310.69708871842  2.11312
5312.49997329712  2.373002
5314.30285787583  2.669422
5316.10574245453  2.924609
5317.90862703324  2.967543
5319.71151161194  2.676228
5321.51439619065  2.247824
5323.31728076935  1.985015
5325.12016534806  1.840152
5326.92304992676  1.690234
5328.72593450547  1.584897
5330.52881908417  1.499801
5332.33170366288  1.479961
5334.13458824158  1.533932
5335.93747282029  1.576052
5337.74035739899  1.531298
5339.5432419777  1.346304
5341.3461265564  1.179323
5343.14901113511  1.027204
5344.95189571381  0.9173414
5346.75478029252  0.9054427
5348.55766487122  0.9179811
5350.36054944992  0.8878298
5352.16343402863  0.8915086
5353.96631860733  0.9645342
5355.76920318604  1.072718
5357.57208776474  1.172907
5359.37497234345  1.312303
5361.17785692215  1.497598
5362.98074150086  1.673009
5364.78362607956  1.721956
5366.58651065827  1.516101
5368.38939523697  1.269365
5370.19227981568  1.094655
5371.99516439438  0.9240606
5373.79804897309  0.8488098
5375.60093355179  0.8329759
5377.4038181305  0.8834542
5379.2067027092  0.9379923
5381.00958728791  0.888562
5382.81247186661  0.7728952
5384.61535644532  0.6344843
5386.41824102402  0.5006549
5388.22112560273  0.4373256
5390.02401018143  0.4206415
5391.82689476014  0.4158485
5393.62977933884  0.4483878
5395.43266391754  0.4903823
5397.23554849625  0.4884905
5399.03843307495  0.4853949
5400.84131765366  0.4854979
5402.64420223237  0.494089
5404.44708681107  0.5760585
5406.24997138977  0.6688468
5408.05285596848  0.7258136
5409.85574054719  0.7795963
5411.65862512589  0.8901457
5413.46150970459  1.014206
5415.2643942833  1.126178
5417.067278862  1.191548
5418.87016344071  1.180304
5420.67304801941  1.22158
5422.47593259812  1.31995
5424.27881717682  1.406035
5426.08170175553  1.509141
5427.88458633423  1.516793
5429.68747091294  1.395118
5431.49035549164  1.321061
5433.29324007035  1.263029
5435.09612464905  1.128757
5436.89900922776  0.9302526
5438.70189380646  0.7572654
5440.50477838517  0.6419192
5442.30766296387  0.5507671
5444.11054754258  0.5090473
5445.91343212128  0.4728711
5447.71631669999  0.4119762
5449.51920127869  0.370001
5451.32208585739  0.3430535
5453.1249704361  0.31985
5454.92785501481  0.3217432
5456.73073959351  0.2895468
5458.53362417222  0.2649252
5460.33650875092  0.2445228
5462.13939332962  0.2066856
5463.94227790833  0.2242092
5465.74516248703  0.2839426
5467.54804706574  0.2963026
5469.35093164444  0.286202
5471.15381622315  0.3218348
5472.95670080186  0.3708265
5474.75958538056  0.4068044
5476.56246995926  0.4388101
5478.36535453797  0.4690267
5480.16823911667  0.4764441
5481.97112369538  0.4624717
5483.77400827408  0.4429146
5485.57689285279  0.429601
5487.37977743149  0.4274936
5489.1826620102  0.4252549
5490.9855465889  0.442796
5492.78843116761  0.5131758
5494.59131574631  0.5733632
5496.39420032502  0.6132507
5498.19708490372  0.680766
5499.99996948243  0.755765
5501.80285406113  0.7992699
5503.60573863984  0.7925881
5505.40862321854  0.7424066
5507.21150779724  0.7138906
5509.01439237595  0.7548057
5510.81727695466  0.7462178
5512.62016153336  0.6742069
5514.42304611207  0.6207769
5516.22593069077  0.6046699
5518.02881526947  0.6073433
5519.83169984818  0.6563926
5521.63458442688  0.7044802
5523.43746900559  0.8390743
5525.24035358429  1.079649
5527.043238163  1.297542
5528.8461227417  1.494296
5530.64900732041  1.605344
5532.45189189911  1.69438
5534.25477647782  1.765773
5536.05766105652  1.704621
5537.86054563523  1.505323
5539.66343021393  1.256075
5541.46631479264  1.008421
5543.26919937134  0.7774103
5545.07208395005  0.6344481
5546.87496852875  0.5689405
5548.67785310746  0.4472502
5550.48073768616  0.2739495
5552.28362226486  0.1494126
5554.08650684357  0.1580334
5555.88939142228  0.159941
5557.69227600098  0.08827039
5559.49516057969  0.08932967
5561.29804515839  0.1851806
5563.1009297371  0.2428673
5564.9038143158  0.30231
5566.70669889451  0.3939831
5568.50958347321  0.4032001
5570.31246805192  0.3869204
5572.11535263062  0.3759082
5573.91823720933  0.374125
5575.72112178803  0.3640016
5577.52400636673  0.3502308
5579.32689094544  0.3459958
5581.12977552414  0.3584383
5582.93266010285  0.3512549
5584.73554468155  0.3131855
5586.53842926026  0.3361125
5588.34131383896  0.3572586
5590.14419841767  0.3059988
5591.94708299637  0.277974
5593.74996757508  0.2484008
5595.55285215378  0.2075713
5597.35573673249  0.1537064
5599.15862131119  0.1352699
5600.9615058899  0.09594305
5602.7643904686  0.1721751
5604.56727504731  0.270555
5606.37015962601  0.1270783
5608.17304420472  0.04158895
5609.97592878342  0.0556137
5611.77881336213  0.04183486
5613.58169794083  0.04841714
5615.38458251954  0.07384018
5617.18746709824  0.08661393
5618.99035167694  0.100123
5620.79323625565  0.09286137
5622.59612083435  0.09421058
5624.39900541306  0.1142958
5626.20188999177  0.1186305
5628.00477457047  0.1433705
5629.80765914917  0.1392455
5631.61054372788  0.1065695
5633.41342830658  0.1146232
5635.21631288529  0.1411241
5637.01919746399  0.1336467
5638.8220820427  0.1394866
5640.6249666214  0.1634723
5642.42785120011  0.1714494
5644.23073577881  0.1498274
5646.03362035752  0.1547289
5647.83650493622  0.1872362
5649.63938951493  0.1975232
5651.44227409363  0.2267134
5653.24515867234  0.2722617
5655.04804325104  0.3109922
5656.85092782975  0.3790583
5658.65381240845  0.4280573
5660.45669698716  0.4057092
5662.25958156586  0.3929808
5664.06246614457  0.4077179
5665.86535072327  0.4040857
5667.66823530198  0.3551568
5669.47111988068  0.3535243
5671.27400445939  0.37356
5673.07688903809  0.4001116
5674.87977361679  0.4220043
5676.6826581955  0.3957118
5678.4855427742  0.3674147
5680.28842735291  0.3829424
5682.09131193161  0.3863412
5683.89419651032  0.3736918
5685.69708108902  0.3534327
5687.49996566773  0.3065222
5689.30285024643  0.254791
5691.10573482514  0.2002861
5692.90861940384  0.1791643
5694.71150398255  0.2004126
5696.51438856125  0.1830654
5698.31727313996  0.1570354
5700.12015771866  0.1481955
5701.92304229737  0.1327163
5703.72592687607  0.1106079
5705.52881145478  0.1074685
5707.33169603348  0.09860843
5709.13458061219  0.08662328
5710.93746519089  0.08401628
5712.7403497696  0.06797981
5714.5432343483  0.06204576
5716.34611892701  0.0380208
5718.14900350571  0.04033745
5719.95188808442  0.03580622
5721.75477266312  -0.001389721
5723.55765724183  0.04306441
5725.36054182053  0.1119296
5727.16342639924  0.1609682
5728.96631097794  0.1744766
5730.76919555664  0.1053375
5732.57208013535  0.08579052
5734.37496471405  0.1159244
5736.17784929276  0.1143114
5737.98073387146  0.1172857
5739.78361845017  0.1197952
5741.58650302887  0.1148324
5743.38938760758  0.1190349
5745.19227218628  0.1145777
5746.99515676499  0.1169657
5748.79804134369  0.1166367
5750.6009259224  0.1149262
5752.4038105011  0.1117425
5754.20669507981  0.1173991
5756.00957965851  0.119106
5757.81246423722  0.1110547
5759.61534881592  0.1263573
5761.41823339463  0.1449371
5763.22111797333  0.1096813
5765.02400255204  0.06729601
5766.82688713074  0.09258743
5768.62977170945  0.1264063
5770.43265628815  0.09407337
5772.23554086686  0.05264108
5774.03842544556  0.0403646
5775.84131002427  0.05512171
5777.64419460297  0.06942248
5779.44707918168  0.04432197
5781.24996376038  0.01153187
5783.05284833908  0.01456928
5784.85573291779  0.02143768
5786.65861749649  0.03817631
5788.4615020752  0.07206418
5790.2643866539  0.111428
5792.06727123261  0.1479969
5793.87015581131  0.1473547
5795.67304039002  0.115094
5797.47592496873  0.1108965
5799.27880954743  0.1209259
5801.08169412613  0.1184212
5802.88457870484  0.1242517
5804.68746328354  0.1253485
5806.49034786225  0.08985728
5808.29323244095  0.05048976
5810.09611701966  0.06288727
5811.89900159836  0.1197349
5813.70188617707  0.1060809
5815.50477075577  0.06977434
5817.30765533448  0.07689157
5819.11053991318  0.0915154
5820.91342449189  0.08895703
5822.71630907059  0.08486281
5824.5191936493  0.08638749
5826.322078228  0.08169842
5828.12496280671  0.07980416
5829.92784738541  0.07991142
5831.73073196411  0.07963879
5833.53361654282  0.07982974
5835.33650112152  0.08004777
5837.13938570023  0.07861616
5838.94227027893  0.07686377
5840.74515485764  0.07858036
5842.54803943635  0.08271965
5844.35092401505  0.08362234
5846.15380859375  0.08559321
5847.95669317246  0.08329388
5849.75957775116  0.0797942
5851.56246232987  0.07886653
5853.36534690857  0.0775501
5855.16823148728  0.07487529
5856.97111606598  0.07782169
5858.77400064469  0.08003996
5860.57688522339  0.07187394
5862.3797698021  0.07148221
5864.1826543808  0.0758865
5865.98553895951  0.06845383
5867.78842353821  0.06722503
5869.59130811692  0.07281324
5871.39419269562  0.07032246
5873.19707727433  0.07685149
5874.99996185303  0.07149085
5876.80284643174  0.06859378
5878.60573101044  0.07647804
5880.40861558915  0.07518245
5882.21150016785  0.07969817
5884.01438474656  0.08142743
5885.81726932526  0.07194845
5887.62015390397  0.07062492
5889.42303848267  0.07469068
5891.22592306137  0.07057263
5893.02880764008  0.06447076
5894.83169221878  0.06477799
5896.63457679749  0.0622394
5898.4374613762  0.0656941
5900.2403459549  0.06896332
5902.0432305336  0.06220863
5903.84611511231  0.06739598
5905.64899969101  0.06885889
5907.45188426972  0.06754698
5909.25476884842  0.06750973
5911.05765342713  0.06700801
5912.86053800583  0.06580721
5914.66342258454  0.06354833
5916.46630716324  0.06690019
5918.26919174195  0.04745056
5920.07207632065  0.03039684
5921.87496089936  0.06997916
5923.67784547806  0.09078002
5925.48073005677  0.105392
5927.28361463547  0.136621
5929.08649921418  0.1474045
5930.88938379288  0.144048
5932.69226837159  0.1410938
5934.49515295029  0.1360975
5936.298037529  0.114921
5938.1009221077  0.107058
5939.9038066864  0.1062038
5941.70669126511  0.08791809
5943.50957584382  0.07565825
5945.31246042252  0.08287086
5947.11534500122  0.123352
5948.91822957993  0.1540246
5950.72111415864  0.1811454
5952.52399873734  0.207596
5954.32688331604  0.2213749
5956.12976789475  0.2209303
5957.93265247345  0.2142641
5959.73553705216  0.211749
5961.53842163086  0.2031455
5963.34130620957  0.183085
5965.14419078827  0.1751678
5966.94707536698  0.1735013
5968.74995994568  0.1727801
5970.55284452439  0.1757932
5972.35572910309  0.1863767
5974.1586136818  0.2137314
5975.9614982605  0.2534432
5977.76438283921  0.2949106
5979.56726741791  0.3219162
5981.37015199662  0.3386095
5983.17303657532  0.3646775
5984.97592115403  0.4011216
5986.77880573273  0.4372786
5988.58169031144  0.5009738
5990.38457489014  0.5797001
5992.18745946885  0.641651
5993.99034404755  0.6690238
5995.79322862626  0.6117599
5997.59611320496  0.4887435
5999.39899778367  0.3797282
6001.20188236237  0.2991274
6003.00476694107  0.218454
6004.80765151978  0.1492111
6006.61053609849  0.09320994
6008.41342067719  0.04504527
6010.21630525589  0.03337592
6012.0191898346  0.03218348
6013.8220744133  0.03621325
6015.62495899201  0.0289378
6017.42784357071  0.01470219
6019.23072814942  0.05977092
6021.03361272812  0.1260889
6022.83649730683  0.1544745
6024.63938188553  0.1623343
6026.44226646424  0.1759168
6028.24515104294  0.1836546
6030.04803562165  0.1541149
6031.85092020035  0.07008299
6033.65380477906  -0.01070117
6035.45668935776  -0.04454214
6037.25957393647  -0.01880762
6039.06245851517  0.07594421
6040.86534309388  0.1302063
6042.66822767258  0.1145903
6044.47111225129  0.09251316
6046.27399682999  0.06175602
6048.0768814087  0.04444829
6049.8797659874  0.04443812
6051.68265056611  0.04766671
6053.48553514481  0.07859207
6055.28841972351  0.1131031
6057.09130430222  0.1408412
6058.89418888093  0.1560029
6060.69707345963  0.1704605
6062.49995803834  0.2137637
6064.30284261704  0.22561
6066.10572719574  0.1931118
6067.90861177445  0.1682782
6069.71149635315  0.1542065
6071.51438093186  0.1542165
6073.31726551056  0.1590186
6075.12015008927  0.1670309
6076.92303466797  0.1883351
6078.72591924668  0.2240356
6080.52880382538  0.2618849
6082.33168840409  0.2913961
6084.13457298279  0.32546
6085.9374575615  0.278
6087.7403421402  0.1805518
6089.54322671891  0.1713769
6091.34611129761  0.1522179
6093.14899587632  0.144669
6094.95188045502  0.1441693
6096.75476503373  0.1334523
6098.55764961243  0.1109633
6100.36053419114  0.09336982
6102.16341876984  0.1058035
6103.96630334855  0.1313449
6105.76918792725  0.1369213
6107.57207250595  0.1587172
6109.37495708466  0.1883425
6111.17784166336  0.1901817
6112.98072624207  0.1943369
6114.78361082077  0.2013731
6116.58649539948  0.2085367
6118.38937997818  0.2148591
6120.19226455689  0.21399
6121.99514913559  0.2171087
6123.7980337143  0.227419
6125.600918293  0.2314678
6127.40380287171  0.2297216
6129.20668745041  0.24249
6131.00957202912  0.2552927
6132.81245660782  0.2677124
6134.61534118653  0.2889095
6136.41822576523  0.3296768
6138.22111034394  0.3847867
6140.02399492264  0.4499393
6141.82687950135  0.4937316
6143.62976408005  0.5290157
6145.43264865876  0.6335583
6147.23553323746  0.7817409
6149.03841781617  0.8863228
6150.84130239487  0.9038697
6152.64418697358  0.8498678
6154.44707155228  0.7552838
6156.24995613099  0.6502141
6158.05284070969  0.544385
6159.8557252884  0.4423887
6161.6586098671  0.36443
6163.46149444581  0.3145487
6165.26437902451  0.2808792
6167.06726360321  0.2509721
6168.87014818192  0.2520825
6170.67303276062  0.2687689
6172.47591733933  0.2770673
6174.27880191803  0.2991849
6176.08168649674  0.3264682
6177.88457107544  0.3335094
6179.68745565415  0.345587
6181.49034023285  0.3313833
6183.29322481156  0.302719
6185.09610939026  0.2439811
6186.89899396897  0.1786686
6188.70187854767  0.1675955
6190.50476312638  0.1637617
6192.30764770508  0.1653595
6194.11053228379  0.1546433
6195.91341686249  0.1500237
6197.7163014412  0.1505822
6199.5191860199  0.1136141
6201.32207059861  0.05054073
6203.12495517731  0.04849666
6204.92783975602  0.0560334
6206.73072433472  0.04896605
6208.53360891343  0.05342719
6210.33649349213  0.04992407
6212.13937807084  0.04529693
6213.94226264954  0.05497975
6215.74514722825  0.06263801
6217.54803180695  0.06857011
6219.35091638565  0.08868954
6221.15380096436  0.1105396
6222.95668554306  0.1374485
6224.75957012177  0.1848642
6226.56245470047  0.2364758
6228.36533927918  0.3035707
6230.16822385788  0.4009446
6231.97110843659  0.4959189
6233.77399301529  0.6005749
6235.576877594  0.715669
6237.3797621727  0.829743
6239.18264675141  0.9267231
6240.98553133011  1.016507
6242.78841590882  1.076526
6244.59130048752  1.085761
6246.39418506623  1.1066
6248.19706964493  1.141637
6249.99995422364  1.130069
6251.80283880234  1.003827
6253.60572338105  0.8104553
6255.40860795975  0.6513066
6257.21149253846  0.5321159
6259.01437711716  0.4310169
6260.81726169587  0.3323433
6262.62014627457  0.2558725
6264.42303085327  0.2069785
6266.22591543198  0.1488069
6268.02880001068  0.1181746
6269.83168458939  0.09579386
6271.63456916809  0.07794669
6273.4374537468  0.06678262
6275.24033832551  0.05663017
6277.04322290421  0.04861891
6278.84610748291  0.04813773
6280.64899206162  0.05271649
6282.45187664032  0.05072476
6284.25476121903  0.04926547
6286.05764579773  0.04784399
6287.86053037644  0.05262224
6289.66341495514  0.04802906
6291.46629953385  0.04676694
6293.26918411255  0.05341056
6295.07206869126  0.0455435
6296.87495326996  0.04626999
6298.67783784867  0.04478155
6300.48072242737  0.0556675
6302.28360700608  0.07103925
6304.08649158478  0.08648661
6305.88937616349  0.09774851
6307.69226074219  0.1104597
6309.4951453209  0.1569667
6311.2980298996  0.3594407
6313.10091447831  0.5643143
6314.90379905701  0.5767548
6316.70668363572  0.594328
6318.50956821442  0.6035374
6320.31245279313  0.5680778
6322.11533737183  0.4937996
6323.91822195053  0.4120992
6325.72110652924  0.3376288
6327.52399110794  0.2661071
6329.32687568665  0.2211483
6331.12976026535  0.2346787
6332.93264484406  0.2436396
6334.73552942276  0.239775
6336.53841400147  0.2446792
6338.34129858017  0.2389782
6340.14418315888  0.2304232
6341.94706773758  0.2260608
6343.74995231629  0.2093018
6345.55283689499  0.1963745
6347.3557214737  0.1876096
6349.1586060524  0.1669262
6350.96149063111  0.1449713
6352.76437520981  0.09098433
6354.56725978852  0.02092858
6356.37014436722  0.01173701
6358.17302894593  0.04835943
6359.97591352463  0.05670435
6361.77879810334  0.04588987
6363.58168268204  0.04322119
6365.38456726075  0.05535392
6367.18745183945  0.07402273
6368.99033641816  0.1161316
6370.79322099686  0.1527284
6372.59610557557  0.1959803
6374.39899015427  0.2424823
6376.20187473298  0.272779
6378.00475931168  0.2999138
6379.80764389038  0.2994705
6381.61052846909  0.2727254
6383.4134130478  0.2492366
6385.2162976265  0.2044
6387.0191822052  0.1527683
6388.82206678391  0.1182358
6390.62495136261  0.1026944
6392.42783594132  0.07291169
6394.23072052002  0.05583704
6396.03360509873  0.05631332
6397.83648967743  0.04736416
6399.63937425614  0.04638572
6401.44225883484  0.05345892
6403.24514341355  0.07016177
6405.04802799225  0.09181373
6406.85091257096  0.1032942
6408.65379714966  0.1273488
6410.45668172837  0.1610586
6412.25956630707  0.2010364
6414.06245088578  0.2762164
6415.86533546448  0.384133
6417.66822004319  0.5040632
6419.47110462189  0.5733838
6421.2739892006  0.567867
6423.0768737793  0.5460266
6424.87975835801  0.4915701
6426.68264293671  0.4592352
6428.48552751542  0.5109251
6430.28841209412  0.5976244
6432.09129667283  0.68048
6433.89418125153  0.7575774
6435.69706583024  0.7632678
6437.49995040894  0.6914353
6439.30283498765  0.5998274
6441.10571956635  0.5576418
6442.90860414505  0.5745493
6444.71148872376  0.5643681
6446.51437330246  0.5223848
6448.31725788117  0.5300531
6450.12014245987  0.5605735
6451.92302703858  0.6597389
6453.72591161728  0.782962
6455.52879619599  0.8993278
6457.33168077469  0.9755467
6459.1345653534  1.001579
6460.9374499321  0.8863506
6462.74033451081  0.6514963
6464.54321908951  0.450063
6466.34610366822  0.3255867
6468.14898824692  0.2173848
6469.95187282563  0.171245
6471.75475740433  0.2139403
6473.55764198304  0.1788472
6475.36052656174  0.08360323
6477.16341114045  0.04149058
6478.96629571915  0.07477712
6480.76918029786  0.09802902
6482.57206487656  0.139098
6484.37494945527  0.1728309
6486.17783403397  0.211285
6487.98071861267  0.2385075
6489.78360319138  0.2355425
6491.58648777008  0.2110388
6493.38937234879  0.1611669
6495.19225692749  0.1267484
6496.9951415062  0.09752785
6498.7980260849  0.05920211
6500.60091066361  0.05461359
6502.40379524231  0.05210455
6504.20667982102  0.04898018
6506.00956439972  0.0624177
6507.81244897843  0.0514987
6509.61533355713  0.03927464
6511.41821813584  0.06092406
6513.22110271454  0.05246365
6515.02398729325  0.05607868
6516.82687187195  0.06233994
6518.62975645066  0.05143436
6520.43264102936  0.05923201
6522.23552560807  0.05823008
6524.03841018677  0.05785962
6525.84129476548  0.05120498
6527.64417934418  0.04451153
6529.44706392289  0.06361535
6531.24994850159  0.06097324
6533.0528330803  0.05058383
6534.855717659  0.05086033
6536.65860223771  0.05092385
6538.46148681641  0.04988864
6540.26437139512  0.04877521
6542.06725597382  0.0496238
6543.87014055252  0.05085994
6545.67302513123  0.05027451
6547.47590970993  0.04712794
6549.27879428864  0.04827334
6551.08167886734  0.04544265
6552.88456344605  0.04377583
6554.68744802475  0.04939656
6556.49033260346  0.04749048
6558.29321718216  0.04783562
6560.09610176087  0.03923102
6561.89898633957  0.02750291
6563.70187091828  0.03277383
6565.50475549698  0.03172192
6567.30764007569  0.03797553
6569.11052465439  0.04025019
6570.9134092331  0.03901521
6572.7162938118  0.03687872
6574.51917839051  0.03778814
6576.32206296921  0.0430039
6578.12494754792  0.0442736
6579.92783212662  0.03960606
6581.73071670533  0.0371022
6583.53360128403  0.0335868
6585.33648586274  0.03338504
6587.13937044144  0.03726726
6588.94225502015  0.03434679
6590.74513959885  0.03805023
6592.54802417756  0.04030573
6594.35090875626  0.04462973
6596.15379333497  0.04697178
6597.95667791367  0.05292886
6599.75956249238  0.05468744
6601.56244707108  0.04884745
6603.36533164978  0.05121052
6605.16821622849  0.04867239
6606.97110080719  0.04965805
6608.7739853859  0.06633888
6610.5768699646  0.06939213
6612.37975454331  0.05690373
6614.18263912201  0.05275468
6615.98552370072  0.06307561
6617.78840827942  0.06790286
6619.59129285813  0.05592421
6621.39417743683  0.064859
6623.19706201554  0.06541353
6624.99994659424  0.05954632
6626.80283117295  0.0608823
6628.60571575165  0.06427668
6630.40860033036  0.0705277
6632.21148490906  0.05961106
6634.01436948777  0.06115854
6635.81725406647  0.06319907
6637.62013864518  0.06855765
6639.42302322388  0.06464457
6641.22590780259  0.06085717
6643.02879238129  0.06631976
6644.83167696  0.06491678
6646.6345615387  0.06685364
6648.4374461174  0.06802511
6650.24033069611  0.06095285
6652.04321527482  0.06529116
6653.84609985352  0.08044608
6655.64898443222  0.09166754
6657.45186901093  0.1049919
6659.25475358963  0.1192491
6661.05763816834  0.1366134
6662.86052274704  0.1632434
6664.66340732575  0.1821444
6666.46629190445  0.2093187
6668.26917648316  0.2483896
6670.07206106186  0.2654191
6671.87494564057  0.2913936
6673.67783021927  0.3104339
6675.48071479798  0.3200068
6677.28359937668  0.336456
6679.08648395539  0.3225519
6680.88936853409  0.3218208
6682.6922531128  0.3103518
6684.4951376915  0.2703058
6686.29802227021  0.2565978
6688.10090684891  0.2269677
6689.90379142762  0.2012868
6691.70667600632  0.1753882
6693.50956058503  0.1480577
6695.31244516373  0.1311313
6697.11532974244  0.1218448
6698.91821432114  0.09964205
6700.72109889985  0.0899902
6702.52398347855  0.08697679
6704.32686805725  0.08533838
6706.12975263596  0.08252846
6707.93263721467  0.04539041
6709.73552179337  0.0345267
6711.53840637207  0.05880604
6713.34129095078  0.03584566
6715.14417552948  0.01841535
6716.94706010819  0.05110471
6718.74994468689  0.117194
6720.5528292656  0.1435724
6722.3557138443  0.1631173
6724.15859842301  0.1626471
6725.96148300171  0.1411362
6727.76436758042  0.1171332
6729.56725215912  0.1212283
6731.37013673783  0.1568593
6733.17302131653  0.1852906
6734.97590589524  0.1969512
6736.77879047394  0.2016722
6738.58167505265  0.2058156
6740.38455963135  0.2030213
6742.18744421006  0.213292
6743.99032878876  0.2139842
6745.79321336747  0.1890056
6747.59609794617  0.1576386
6749.39898252488  0.171748
6751.20186710358  0.2110525
6753.00475168229  0.1827285
6754.80763626099  0.1088686
6756.6105208397  0.0785576
6758.4134054184  0.08282631
6760.2162899971  0.08213857
6762.01917457581  0.07410184
6763.82205915452  0.0932932
6765.62494373322  0.09993034
6767.42782831192  0.1098779
6769.23071289063  0.1442968
6771.03359746933  0.1287607
6772.83648204804  0.07332721
6774.63936662674  0.003017978
6776.44225120545  -0.01551996
6778.24513578415  -0.001049317
6780.04802036286  -0.007187782
6781.85090494156  -0.01000014
6783.65378952027  0.01723937
6785.45667409897  0.03435372
6787.25955867768  0.01807781
6789.06244325638  -0.002881379
6790.86532783509  -0.002675474
6792.66821241379  0.005115076
6794.4710969925  0.02681382
6796.2739815712  0.09080572
6798.07686614991  0.1542438
6799.87975072861  0.156062
6801.68263530731  0.1256685
6803.48551988602  0.1397827
6805.28840446473  0.1763501
6807.09128904343  0.1754363
6808.89417362213  0.1475259
6810.69705820084  0.1420531
6812.49994277954  0.1343548
6814.30282735825  0.1674054
6816.10571193695  0.2958152
6817.90859651566  0.3025117
6819.71148109436  0.1077066
6821.51436567307  0.0485508
6823.31725025177  0.08019661
6825.12013483048  0.07737914
6826.92301940918  0.08163229
6828.72590398789  0.06599732
6830.52878856659  0.05749679
6832.3316731453  0.09216089
6834.134557724  0.1277966
6835.93744230271  0.1102887
6837.74032688141  0.09668342
6839.54321146012  0.1242878
6841.34609603882  0.1028542
6843.14898061753  0.07944771
6844.95186519623  0.1111852
6846.75474977494  0.1087593
6848.55763435364  0.07985913
6850.36051893235  0.07045443
6852.16340351105  0.09760813
6853.96628808976  0.1193346
6855.76917266846  0.1109761
6857.57205724716  0.07044503
6859.37494182587  0.02098035
6861.17782640457  0.03560658
6862.98071098328  0.0717777
6864.78359556199  0.08962873
6866.58648014069  0.1379999
6868.38936471939  0.1618269
6870.1922492981  0.147524
6871.9951338768  0.1041041
6873.79801845551  0.09991501
6875.60090303421  0.1312699
6877.40378761292  0.1485462
6879.20667219162  0.1551458
6881.00955677033  0.1306614
6882.81244134903  0.0707859
6884.61532592774  0.02265539
6886.41821050644  0.02380115
6888.22109508515  0.0583124
6890.02397966385  0.08502957
6891.82686424256  0.1122176
6893.62974882126  0.1139185
6895.43263339997  0.1058076
6897.23551797867  0.1148232
6899.03840255738  0.1170214
6900.84128713608  0.1128747
6902.64417171479  0.1354111
6904.44705629349  0.1891958
6906.2499408722  0.2117722
6908.0528254509  0.1876843
6909.85571002961  0.1726161
6911.65859460831  0.1642186
6913.46147918702  0.1548908
6915.26436376572  0.1703357
6917.06724834442  0.1876834
6918.87013292313  0.2068482
6920.67301750183  0.2146332
6922.47590208054  0.1802569
6924.27878665924  0.1657816
6926.08167123795  0.1705378
6927.88455581665  0.1560711
6929.68744039536  0.1585813
6931.49032497406  0.2101885
6933.29320955277  0.2444331
6935.09609413147  0.2328454
6936.89897871018  0.2217201
6938.70186328888  0.2190103
6940.50474786759  0.2239816
6942.30763244629  0.2277016
6944.110517025  0.2404117
6945.9134016037  0.2643946
6947.71628618241  0.2940611
6949.51917076111  0.280995
6951.32205533982  0.2557002
6953.12493991852  0.2542898
6954.92782449723  0.2484454
6956.73070907593  0.2257026
6958.53359365464  0.2515462
6960.33647823334  0.2683392
6962.13936281204  0.2799149
6963.94224739075  0.3149717
6965.74513196945  0.3207797
6967.54801654816  0.3076499
6969.35090112686  0.2977255
6971.15378570557  0.3017908
6972.95667028427  0.3118106
6974.75955486298  0.3111618
6976.56243944169  0.3080988
6978.36532402039  0.3236082
6980.16820859909  0.3189749
6981.9710931778  0.2870825
6983.7739777565  0.293704
6985.57686233521  0.316064
6987.37974691391  0.3442259
6989.18263149262  0.3784111
6990.98551607132  0.4022132
6992.78840065003  0.4206819
6994.59128522873  0.4329344
6996.39416980744  0.4566351